Name	Season	Region	Games	Win rate	K:D	GPM	GDM	Game duration	Kills / game	Deaths / game	Towers killed	Towers lost	FB%	FT%	DRAPG	DRA%	HERPG	HER%	DRA@15	TD@15	GD@15	NASHPG	NASH%	CSM	DPM	WPM	VWPM	WCPM
100 Thieves	S12	NA	6	50.0%	1.29	1820	132	31:15	12.7	9.8	6.8	4.7	33.3	50.0	1.83	45.6	1.50	75.0	0.67	0.5	1521	0.50	50.0	33.6	1841	3.1	1.35	1.50
100 Thieves Academy	S12	NA	4	75.0%	1.26	1860	117	31:51	15.8	12.5	7.5	4.8	75.0	25.0	1.50	35.0	0.75	37.5	0.00	-0.3	-294	0.75	75.0	33.4	2125	2.9	1.29	1.25
1907 Fenerbahce	S12	TR	2	0.0%	0.44	1747	-270	35:58	11.0	25.0	3.5	9.5	50.0	50.0	2.00	33.3	1.50	75.0	1.00	0.0	-1324	0.50	16.7	32.7	2236	3.1	1.27	1.29
5 Ronin	S12	TR	2	100.0%	3.17	2041	431	25:19	19.0	6.0	10.0	2.5	-	50.0	3.50	100.0	1.00	50.0	2.00	0.0	2855	1.00	100.0	32.7	1970	2.9	1.40	1.04
5 Ronin Academy	S12	TR	2	0.0%	0.45	1612	-289	30:57	6.5	14.5	2.5	9.0	50.0	50.0	2.00	53.3	1.00	50.0	1.00	0.0	-2154	0.00	0.0	31.9	1265	2.7	1.03	1.36
AGO ROGUE	S12	PL	4	100.0%	5.25	2164	644	29:14	26.3	4.8	10.3	1.8	75.0	50.0	3.25	73.8	1.50	75.0	1.00	0.5	2523	1.50	100.0	35.0	2496	2.7	1.12	1.45
aNc Outplayed	S12	IT	2	50.0%	0.59	1597	-146	37:18	10.0	17.0	5.5	7.0	-	100.0	3.00	55.0	0.50	25.0	1.00	0.0	-992	0.00	0.0	28.9	2249	2.9	1.10	1.53
Anorthosis Famagusta Esports	S12	GR	2	50.0%	0.71	1744	-57	35:15	12.5	17.0	6.5	6.0	50.0	50.0	2.50	41.1	1.50	75.0	0.00	0.0	-1472	1.00	50.0	31.2	1668	3.1	0.84	1.26
Anyone s Legend	S12	CN	16	37.5%	0.97	1776	-64	31:45	12.9	13.4	4.9	6.6	75.0	37.5	2.63	62.4	-	-	-	-	-	0.69	50.0	32.8	1725	-	-	-
Astralis	S12	EUW	5	0.0%	0.67	1650	-284	34:48	10.6	15.6	2.8	9.6	60.0	-	1.60	32.3	0.20	10.0	0.60	-0.8	-2171	0.40	26.7	30.8	1832	3.4	1.64	1.37
Astralis Talent	S12	EUW	5	40.0%	1.08	1719	48	35:51	12.8	11.8	7.0	5.4	20.0	60.0	2.60	52.0	1.20	60.0	0.80	0.2	125	0.80	60.0	30.7	2244	3.0	1.14	1.45
Atleta Esport	S12	IT	2	0.0%	0.69	1654	-131	39:49	13.0	18.0	5.0	8.0	50.0	50.0	2.50	41.7	1.50	75.0	1.50	0.0	179	0.50	50.0	30.6	1763	3.2	1.07	1.14
Atletec	S12	FR	3	100.0%	1.77	1927	303	32:04	17.7	10.0	9.0	3.0	66.7	33.3	2.00	38.9	1.00	50.0	1.00	0.0	800	1.33	100.0	32.4	2382	3.4	1.44	1.19
Auxesis Esports	S12	RS	3	33.3%	0.75	1680	-164	38:07	15.0	20.0	5.7	7.0	-	33.3	2.00	33.3	1.33	66.7	0.00	-0.7	-1049	0.67	33.3	29.7	2060	2.7	0.92	1.11
Axolotl	S12	IT	2	0.0%	0.36	1596	-235	30:37	4.5	12.5	3.0	10.0	50.0	-	1.50	32.5	1.00	50.0	1.00	-0.5	-115	0.00	0.0	32.0	1553	3.1	1.31	1.40
Barça eSports	S12	ES	5	60.0%	0.90	1759	-19	29:46	11.0	12.2	7.0	5.0	80.0	20.0	1.60	35.7	0.80	40.0	1.00	-0.2	-395	0.60	50.0	32.6	1738	2.7	1.20	1.35
beGenius ESC	S12	FR	3	0.0%	0.20	1421	-531	27:22	3.0	15.3	0.0	9.7	33.3	-	1.67	47.2	0.00	0.0	1.00	-1.0	-3216	0.00	0.0	30.2	1203	2.4	1.07	1.06
Berlin International Gaming	S12	DE	5	20.0%	0.65	1651	-183	33:25	11.0	17.0	4.6	8.2	20.0	60.0	1.80	39.0	0.60	40.0	0.40	-0.4	-1230	0.40	20.0	29.9	1800	3.0	1.26	1.29
Besiktas Academy	S12	TR	2	0.0%	0.22	1479	-560	26:15	4.0	18.5	0.5	10.0	-	-	0.00	0.0	1.00	50.0	0.00	-1.5	-3830	0.00	0.0	29.6	1417	2.6	1.31	0.84
Besiktas Esports	S12	TR	2	50.0%	1.20	1794	-110	33:02	18.0	15.0	5.0	8.0	-	-	3.00	54.2	0.50	25.0	1.00	-1.0	-2306	1.50	83.3	31.1	1770	3.0	1.27	1.17
Bifrost	S12	EUW	5	80.0%	1.76	1892	231	32:04	17.2	9.8	7.8	4.4	20.0	40.0	2.60	52.7	1.40	70.0	0.40	0.2	862	0.80	70.0	31.8	2107	3.1	1.32	1.27
Bilibili Gaming	S12	CN	12	66.7%	1.51	1860	114	32:06	16.0	10.5	7.0	4.8	58.3	66.7	1.92	43.3	-	-	-	-	-	0.92	59.7	31.9	2001	-	-	-
Bilibili Live	S12	CN	4	25.0%	0.51	1607	-434	28:32	12.5	24.8	2.5	9.3	25.0	25.0	1.25	32.5	-	-	-	-	-	0.50	33.3	28.7	1783	-	-	-
BISONS ECLUB	S12	ES	5	40.0%	0.89	1736	-18	33:59	11.8	13.2	6.2	6.4	20.0	40.0	2.20	48.6	0.20	10.0	0.60	0.0	-1377	0.60	60.0	32.1	2133	3.3	1.34	1.50
BK ROG Esports	S12	FR	3	33.3%	1.05	1787	68	34:51	14.7	14.0	6.7	5.7	33.3	100.0	2.67	52.4	1.67	83.3	0.33	0.7	787	0.67	44.4	32.2	2318	3.3	1.13	1.78
Boavista FC	S12	PT	3	0.0%	0.38	1542	-313	29:00	6.0	16.0	2.0	8.0	33.3	33.3	2.00	48.3	0.67	33.3	1.67	-1.0	-1837	0.00	0.0	30.4	1400	2.8	1.24	0.96
BRO Challengers	S12	KR	20	45.0%	0.95	1810	-18	32:15	16.8	17.6	6.2	6.2	55.0	65.0	2.10	47.3	1.40	70.0	0.85	0.2	690	0.55	49.0	30.5	2130	2.7	1.20	1.51
BRUTE	S12	CZ	3	33.3%	0.61	1634	-172	27:31	7.7	12.7	4.3	5.7	33.3	33.3	2.33	53.3	1.00	50.0	1.67	-0.7	-1713	0.00	0.0	31.8	1574	2.7	1.10	1.02
Chief Esports Club	S12	OCE	1	100.0%	1.09	1881	292	40:01	12.0	11.0	10.0	3.0	-	100.0	2.00	33.3	1.00	50.0	0.00	2.0	2018	2.00	100.0	32.7	2165	3.3	1.40	2.00
CLG	S12	NA	7	42.9%	0.67	1742	-118	30:15	9.7	14.6	5.3	6.3	42.9	14.3	1.71	49.5	0.43	21.4	0.71	-0.4	-1482	0.57	42.9	31.9	1617	3.2	1.32	1.30
CLG Academy	S12	NA	4	75.0%	1.71	1957	258	31:03	19.3	11.3	8.0	4.8	75.0	100.0	2.25	56.7	1.50	75.0	0.75	1.3	3488	0.75	62.5	32.3	2516	2.9	1.20	1.24
Cloud9	S12	NA	7	71.4%	1.41	1853	110	32:20	14.7	10.4	7.0	4.9	57.1	42.9	3.14	75.2	1.00	57.1	1.14	-0.1	485	0.71	71.4	33.7	2025	3.0	0.98	1.41
Cloud9 Academy	S12	NA	4	25.0%	0.50	1686	-275	29:51	9.0	18.0	4.3	7.3	-	-	1.50	37.5	0.25	12.5	0.50	-1.3	-4008	0.25	25.0	31.7	1543	2.6	0.71	1.37
Crvena zvezda Esports	S12	RS	3	100.0%	2.64	1949	363	32:29	19.3	7.3	8.3	3.3	100.0	100.0	3.67	80.6	1.67	83.3	2.00	1.0	3345	1.00	83.3	32.7	2072	2.8	1.13	1.27
Cryptova	S12	CZ	3	33.3%	0.88	1640	-271	31:22	17.0	19.3	5.3	6.3	33.3	66.7	2.33	56.0	1.00	50.0	0.67	-1.0	-2667	0.67	50.0	26.4	2079	2.9	1.07	0.96
Cyber Wolves	S12	RS	3	33.3%	0.89	1750	43	34:54	14.3	15.7	7.0	5.7	66.7	100.0	2.33	44.4	1.33	66.7	1.00	0.3	717	1.00	66.7	29.6	2134	3.1	1.19	0.91
Cyberground Gaming	S12	IT	2	100.0%	3.42	1899	248	35:45	20.5	6.0	9.5	3.5	100.0	50.0	3.00	60.0	1.50	100.0	1.00	0.0	2878	0.50	50.0	33.6	2490	3.2	1.30	1.36
Dark Passage	S12	TR	2	100.0%	1.96	1819	202	38:52	23.5	12.0	8.0	3.5	50.0	50.0	4.50	75.0	1.00	50.0	1.50	0.0	-383	1.50	75.0	28.1	2208	3.2	1.29	1.15
Dark Passage Academy	S12	TR	2	50.0%	1.47	1820	157	32:02	12.5	8.5	7.5	5.5	50.0	50.0	3.00	60.0	1.50	75.0	1.50	0.5	428	1.00	100.0	31.8	1763	2.6	0.93	1.18
Dark Tigers	S12	CZ	3	33.3%	0.80	1731	-180	29:44	12.3	15.3	4.0	7.3	33.3	-	1.67	38.3	0.67	33.3	0.67	-0.7	-1577	0.33	33.3	32.4	1844	2.8	1.04	1.11
devils.one	S12	PL	4	0.0%	0.37	1527	-376	32:54	6.8	18.3	2.5	9.8	25.0	50.0	2.25	48.8	1.00	50.0	1.25	0.0	264	0.00	0.0	28.9	1788	2.7	1.02	0.93
Diamant Esports	S12	RS	3	33.3%	0.89	1724	-99	30:39	11.0	12.3	4.3	7.0	33.3	-	3.00	61.7	0.67	33.3	0.67	-0.7	-1399	0.67	50.0	31.0	1588	2.4	0.81	1.08
Dignitas	S12	NA	6	50.0%	0.96	1688	-115	31:46	10.8	11.3	4.8	6.7	33.3	50.0	2.33	51.7	0.67	33.3	1.17	-0.2	-650	0.50	50.0	31.0	1835	3.1	1.30	1.52
Dignitas Academy	S12	NA	4	50.0%	1.05	1839	36	30:00	15.0	14.3	6.8	5.8	75.0	75.0	2.50	58.3	1.50	75.0	1.25	0.3	1428	0.75	62.5	31.2	2000	2.8	1.36	1.23
Dire Wolves	S12	OCE	1	100.0%	4.00	2057	558	30:54	24.0	6.0	11.0	1.0	-	100.0	2.00	50.0	2.00	100.0	0.00	1.0	5488	2.00	100.0	31.7	2038	2.9	1.17	1.62
DK Challengers	S12	KR	21	71.4%	1.36	1913	148	31:43	18.1	13.3	7.3	4.5	71.4	61.9	2.48	56.3	0.86	42.9	0.71	0.3	1104	0.86	62.7	33.0	2013	3.3	1.47	1.48
DKJH	S12	KR	3	33.3%	0.49	1710	-381	30:11	12.0	24.3	4.0	8.7	33.3	66.7	0.67	16.7	1.33	66.7	0.00	0.3	-1681	0.33	16.7	30.4	1739	3.1	1.05	1.50
DRX	S12	KR	8	25.0%	0.55	1648	-252	34:04	8.0	14.5	4.0	8.3	37.5	50.0	1.13	21.8	0.88	43.8	0.38	-0.3	-1284	0.25	14.3	32.3	1749	3.3	1.58	1.88
DRX Challengers	S12	KR	13	76.9%	1.52	1929	239	32:12	17.8	11.6	8.0	3.9	53.8	38.5	2.77	61.4	1.31	65.4	0.92	0.2	954	0.92	73.6	33.5	2073	3.0	1.30	1.61
Dusty	S12	EUW	5	40.0%	0.73	1652	-155	30:01	9.8	13.4	4.6	6.0	40.0	60.0	2.60	56.0	1.00	50.0	1.40	0.0	-559	0.40	50.0	30.8	1905	2.7	1.11	1.24
DWG KIA	S12	KR	10	60.0%	0.99	1770	51	36:32	12.3	12.4	6.7	5.6	50.0	50.0	3.00	51.0	1.20	60.0	0.90	0.3	196	0.70	48.3	31.7	1682	3.6	1.59	1.56
Dynamo Eclot	S12	CZ	3	66.7%	1.10	1791	81	33:13	18.0	16.3	6.7	6.7	66.7	66.7	3.00	60.7	0.33	16.7	1.33	0.7	1425	0.67	75.0	29.2	2205	2.8	1.32	1.25
E WIE EINFACH E-SPORTS	S12	DE	5	60.0%	1.07	1786	-45	29:41	14.4	13.4	6.2	6.4	80.0	20.0	3.00	69.0	1.00	50.0	1.80	-0.4	-808	0.60	60.0	29.8	2006	3.1	1.01	1.16
Edward Gaming	S12	CN	13	69.2%	1.34	1890	155	30:15	14.8	11.0	7.4	4.4	38.5	76.9	2.54	61.3	-	-	-	-	-	0.85	69.2	32.8	2002	-	-	-
EGN Esports	S12	PT	3	66.7%	1.65	1865	211	30:07	17.0	10.3	7.7	4.0	33.3	66.7	3.33	80.0	1.67	83.3	1.67	0.7	564	0.67	75.0	31.3	2146	3.5	1.38	1.55
Eintracht Spandau	S12	DE	5	20.0%	0.65	1723	-170	31:41	12.0	18.6	4.2	8.2	40.0	80.0	1.80	36.7	1.20	60.0	1.00	1.0	199	0.20	25.0	30.9	2056	3.0	1.37	1.24
Entropiq	S12	CZ	3	100.0%	3.58	2045	513	28:40	14.3	4.0	9.7	2.0	33.3	100.0	2.67	68.3	1.67	83.3	1.00	1.7	4295	1.00	100.0	35.6	2073	2.7	1.06	1.07
EQX	S12	CN	4	25.0%	0.64	1507	-182	39:20	10.3	16.0	4.5	7.5	-	50.0	2.00	38.3	-	-	-	-	-	0.50	22.2	27.9	1428	-	-	-
Esport Empire	S12	IT	2	100.0%	3.67	1881	260	35:53	16.5	4.5	9.5	4.0	100.0	50.0	3.50	63.3	0.50	25.0	0.50	0.5	284	1.50	100.0	33.5	1730	3.1	1.16	1.59
eSuba	S12	CZ	3	100.0%	1.84	1998	376	30:21	19.7	10.7	9.0	1.7	66.7	100.0	2.67	58.3	2.00	100.0	0.33	1.7	3962	1.00	83.3	33.8	2182	3.2	1.48	1.21
Evil Geniuses	S12	NA	6	100.0%	2.35	2020	455	30:27	19.2	8.0	10.0	2.3	66.7	66.7	3.33	83.3	1.50	75.0	1.50	0.7	2886	1.00	91.7	34.2	2313	3.2	1.19	1.52
Evil Geniuses Academy	S12	NA	4	25.0%	0.89	1673	-183	33:21	12.0	13.5	4.3	7.5	25.0	25.0	1.75	37.9	0.25	12.5	0.75	-0.8	-2136	0.50	27.8	30.5	2069	3.0	1.00	1.09
Excel Esports	S12	EUW	5	40.0%	0.89	1729	-72	37:15	12.6	14.2	6.8	7.0	80.0	60.0	2.80	50.7	0.80	40.0	0.80	-0.2	759	0.80	50.0	31.4	2008	3.4	1.52	1.42
FC Nantes	S12	FR	3	0.0%	0.35	1559	-416	29:52	6.3	18.3	1.0	9.7	-	-	1.00	25.0	0.67	33.3	0.33	-0.7	-2109	0.00	0.0	31.5	1739	2.8	1.14	1.43
FC Schalke 04 Evolution	S12	DE	5	80.0%	1.33	1874	120	32:09	15.2	11.4	7.6	4.2	80.0	60.0	2.80	73.7	1.00	50.0	0.20	-0.2	138	1.00	80.0	34.3	1834	3.1	1.18	1.74
Fenerbahçe Academy	S12	TR	2	50.0%	1.41	1862	212	29:45	15.5	11.0	6.5	3.5	100.0	50.0	2.50	70.0	2.00	100.0	1.00	1.0	2430	1.00	75.0	32.3	1693	3.1	1.47	1.20
Flamengo eSports	S12	BR	2	0.0%	0.44	1672	-275	34:47	9.0	20.5	2.5	9.0	100.0	-	1.50	32.5	1.00	50.0	0.50	-0.5	-353	0.50	25.0	33.5	1558	3.3	1.59	1.38
FlyQuest	S12	NA	6	33.3%	0.70	1690	-155	34:57	9.2	13.2	5.2	7.5	50.0	50.0	1.33	25.5	1.33	66.7	0.50	-0.3	-1004	0.50	33.3	32.5	1542	3.4	1.45	1.38
FlyQuest Academy	S12	NA	4	0.0%	0.57	1627	-341	31:08	11.0	19.3	2.0	9.5	-	75.0	1.00	25.0	1.25	62.5	0.50	0.3	-526	0.00	0.0	30.5	1955	2.8	1.32	1.07
Fnatic	S12	EUW	5	100.0%	1.70	1899	229	33:27	15.6	9.2	8.4	3.4	40.0	60.0	3.20	71.3	0.80	40.0	1.00	0.4	850	1.20	90.0	33.4	2354	3.4	1.20	1.48
Fnatic TQ	S12	ES	5	100.0%	2.25	2009	431	30:21	19.8	8.8	9.8	1.8	80.0	100.0	2.60	62.7	1.40	70.0	1.00	0.2	2982	1.20	100.0	32.5	2348	3.7	1.49	1.17
For The Win Esports	S12	PT	3	100.0%	1.57	1990	349	31:13	18.3	11.7	10.0	2.7	33.3	66.7	2.67	56.7	1.33	66.7	1.00	1.0	3282	1.00	83.3	32.5	2049	3.1	1.09	1.42
Forsaken	S12	PL	4	50.0%	0.70	1723	-143	29:18	10.8	15.0	5.3	6.0	50.0	25.0	1.75	41.3	0.50	25.0	0.25	-0.8	-1386	0.25	33.3	32.3	1958	3.3	0.97	1.15
Fredit BRION	S12	KR	10	30.0%	0.77	1727	-76	37:11	8.8	11.5	5.8	7.3	30.0	20.0	2.80	52.9	0.70	35.0	0.90	-0.3	-1005	0.90	56.7	33.4	1495	3.8	1.67	1.85
Funplus Phoenix	S12	CN	22	68.2%	1.04	1881	68	32:02	15.0	14.4	7.0	5.4	31.8	45.5	2.68	59.2	-	-	-	-	-	0.82	54.5	33.5	2048	-	-	-
FURIA Esports	S12	BR	2	50.0%	1.23	1771	3	36:10	18.5	15.0	5.5	6.0	50.0	50.0	2.50	50.0	0.50	25.0	1.00	0.0	-212	1.00	50.0	30.6	1885	3.6	1.61	1.89
G2 Arctic	S12	ES	5	60.0%	1.13	1848	123	35:43	19.0	16.8	7.6	5.4	60.0	60.0	3.60	73.3	0.80	50.0	1.00	-0.2	621	0.80	50.0	31.1	2438	3.2	1.30	1.54
G2 Esports	S12	EUW	5	60.0%	1.06	1786	12	33:03	13.2	12.4	6.4	5.8	40.0	60.0	2.80	55.3	1.40	70.0	0.80	0.4	220	0.80	50.0	32.5	1900	3.7	1.29	1.52
Galakticos	S12	TR	2	0.0%	0.42	1629	-393	26:07	8.0	19.0	1.5	10.0	100.0	50.0	0.50	12.5	1.00	50.0	0.50	0.0	-800	0.00	0.0	31.1	1712	2.4	0.92	0.89
Galakticos Academy	S12	TR	2	50.0%	1.06	1706	-28	31:18	9.0	8.5	6.5	5.0	50.0	100.0	2.00	42.5	2.00	100.0	0.50	0.5	1784	1.00	50.0	31.1	1539	2.6	1.03	1.10
Galatasaray Academy	S12	TR	2	50.0%	1.20	1727	-72	35:37	12.0	10.0	6.0	9.0	100.0	-	2.00	28.6	0.00	0.0	0.00	-0.5	-312	1.00	33.3	31.5	1413	3.1	1.42	1.46
Galatasaray Esports	S12	TR	2	50.0%	0.73	1776	25	32:48	11.0	15.0	5.5	5.5	100.0	100.0	1.50	33.3	1.00	50.0	0.50	0.5	1828	1.00	50.0	32.3	1596	2.9	1.27	1.75
GamerLegion	S12	DE	5	100.0%	2.97	1904	313	31:37	17.8	5.8	8.8	2.6	80.0	40.0	3.00	71.0	0.40	20.0	1.40	0.0	705	1.00	87.5	32.6	2236	3.1	1.25	1.37
Gamers Origin	S12	FR	4	25.0%	0.92	1710	-131	38:15	15.3	16.5	6.0	8.3	75.0	75.0	3.00	53.3	1.25	62.5	0.75	0.5	182	0.75	41.7	30.1	1926	3.7	1.55	1.63
Gamespace Mediterranean College Esports	S12	GR	2	0.0%	0.48	1691	-316	30:12	10.5	22.0	3.0	10.0	50.0	50.0	1.50	30.0	0.50	25.0	1.00	-1.0	-3302	0.50	50.0	28.0	1638	2.7	0.96	0.72
GameWard	S12	FR	4	25.0%	0.52	1643	-266	32:24	9.3	17.8	4.3	8.0	25.0	-	1.50	26.8	0.75	37.5	0.00	-1.0	-2132	0.50	16.7	31.4	2065	3.4	1.34	1.28
Gen.G Challengers	S12	KR	12	33.3%	0.60	1721	-169	32:24	10.1	16.9	4.1	7.7	58.3	41.7	1.67	33.1	1.00	50.0	0.58	-0.3	-1294	0.67	40.3	32.9	1812	3.2	1.40	1.40
Gen.G eSports	S12	KR	10	80.0%	1.47	1894	223	34:37	16.2	11.0	8.3	4.0	50.0	60.0	2.80	61.9	0.70	35.0	1.00	0.4	1274	1.10	71.7	33.6	2151	3.5	1.45	1.85
Gentlemens Gaming	S12	PL	4	25.0%	0.64	1687	-188	35:25	13.3	20.8	4.8	8.5	75.0	25.0	1.50	29.2	0.75	37.5	1.00	-1.0	-1470	0.50	20.8	29.1	1831	3.1	1.12	1.28
GG&Esports	S12	IT	2	100.0%	1.38	1831	256	39:18	16.5	12.0	9.5	5.5	-	-	4.00	68.6	0.50	25.0	1.50	0.0	-1003	1.50	83.3	32.6	1902	3.0	1.24	1.52
Giants	S12	ES	5	20.0%	0.48	1618	-295	32:38	9.0	18.8	3.0	8.8	60.0	40.0	1.80	37.7	1.00	50.0	0.80	0.2	-1019	0.40	20.0	30.4	1820	3.3	1.35	1.44
Golden Guardians	S12	NA	6	16.7%	0.55	1648	-237	31:03	8.7	15.7	3.0	8.3	66.7	33.3	1.33	33.3	0.33	16.7	0.33	-0.3	-1049	0.17	16.7	31.9	1739	3.0	1.23	1.12
Golden Guardians Academy	S12	NA	4	75.0%	1.37	1919	188	30:44	15.8	11.5	8.5	4.8	50.0	25.0	3.25	81.7	0.50	25.0	1.25	-0.3	-607	0.75	62.5	33.9	2012	2.8	1.09	1.26
Goskilla	S12	PL	4	25.0%	0.87	1712	-85	33:29	12.0	13.8	5.0	8.5	50.0	50.0	2.25	42.6	1.00	50.0	0.50	0.3	-12	1.00	54.2	28.9	1756	3.7	1.42	1.39
Gravitas	S12	OCE	1	0.0%	0.25	1499	-558	30:54	6.0	24.0	1.0	11.0	100.0	-	2.00	50.0	0.00	0.0	2.00	-1.0	-5488	0.00	0.0	28.7	1286	2.8	1.36	1.23
GTZ Bulls	S12	PT	3	0.0%	0.48	1575	-396	28:06	8.7	18.0	2.3	10.0	66.7	-	1.33	33.3	0.67	33.3	0.67	-1.0	-2810	0.00	0.0	28.0	1623	2.9	1.11	1.08
Hanwha Life eSports	S12	KR	11	36.4%	0.89	1695	-99	35:11	10.3	11.5	4.5	7.5	36.4	54.5	1.73	36.2	1.27	63.6	0.45	0.0	32	0.45	36.4	32.5	1678	3.4	1.63	1.84
Hive Athens EC	S12	GR	2	50.0%	1.50	1839	135	34:16	21.0	14.0	6.5	4.5	50.0	50.0	4.00	83.3	1.00	50.0	1.00	0.0	928	0.00	0.0	30.3	2846	2.6	0.94	1.46
HLE Challengers	S12	KR	17	52.9%	1.16	1778	27	31:35	13.2	11.2	5.9	5.7	47.1	47.1	2.53	59.3	0.71	35.3	0.94	-0.1	142	0.71	58.8	32.4	1751	3.3	1.42	1.51
Hungkuang Falcon	S12	KR	3	33.3%	0.67	1742	-294	28:58	14.0	21.0	4.3	6.7	33.3	33.3	3.00	80.6	0.67	33.3	1.67	-1.0	-2453	0.33	16.7	30.9	1941	2.7	0.85	1.40
Huya All Star	S12	CN	4	50.0%	0.88	1779	-108	31:47	16.3	18.5	4.8	7.3	25.0	50.0	2.00	48.3	-	-	-	-	-	1.25	75.0	29.6	1703	-	-	-
Illuminar Gaming	S12	PL	4	50.0%	1.40	1776	103	35:08	14.8	10.5	7.3	6.3	50.0	50.0	1.75	36.3	0.75	37.5	0.50	0.0	99	0.75	75.0	31.8	2072	3.2	1.41	1.31
Immortals	S12	NA	4	0.0%	0.58	1591	-345	31:04	9.3	16.0	2.3	9.3	25.0	50.0	0.75	12.5	0.50	25.0	0.00	-0.5	-2575	0.00	0.0	30.5	1436	3.3	1.33	1.42
Immortals Academy	S12	NA	4	100.0%	2.09	1931	336	31:50	17.8	8.3	9.3	1.5	100.0	75.0	3.75	72.1	1.25	62.5	1.50	0.3	2014	1.00	100.0	33.3	2331	2.7	1.11	1.48
Inside Games	S12	CZ	3	0.0%	0.58	1586	-288	32:06	11.0	19.0	2.7	9.0	66.7	33.3	1.67	35.0	0.00	0.0	1.00	-0.7	-1960	0.00	0.0	29.1	1836	2.6	1.13	1.11
INTZ e-Sports	S12	BR	2	0.0%	0.61	1649	-213	36:07	11.0	18.0	6.0	8.5	50.0	100.0	1.50	29.2	1.00	50.0	0.00	0.0	52	1.00	33.3	30.5	2189	3.4	1.43	1.28
Invictus Gaming	S12	CN	19	47.4%	0.93	1813	-31	31:43	12.4	13.4	6.2	6.7	47.4	26.3	2.74	61.3	-	-	-	-	0	0.74	50.0	33.6	1879	-	-	-
Ion Squad	S12	BE	3	100.0%	3.13	1902	318	29:57	15.7	5.0	8.3	2.0	66.7	100.0	3.00	71.1	1.33	66.7	0.67	0.3	1149	0.33	50.0	34.6	1827	2.8	0.88	1.52
Iron Wolves	S12	PL	4	25.0%	0.77	1752	-125	34:54	14.3	18.5	5.8	7.0	50.0	100.0	3.00	60.0	1.75	87.5	1.50	0.8	1677	0.50	22.2	32.4	2276	2.9	1.13	1.38
Istanbul Wildcats	S12	TR	2	50.0%	0.87	1772	65	35:46	16.5	19.0	7.0	4.0	-	-	2.00	45.8	1.00	50.0	0.50	-0.5	-1628	1.00	75.0	29.0	2639	2.7	1.29	1.54
Istanbul Wildcats Academy	S12	TR	2	100.0%	1.63	1802	157	31:25	13.0	8.0	8.0	4.5	50.0	50.0	3.50	77.5	0.50	25.0	1.00	-0.5	403	0.50	50.0	32.7	1840	3.0	1.27	0.97
IZI Dream	S12	FR	3	100.0%	1.77	1888	299	32:20	17.7	10.0	8.7	2.7	66.7	66.7	3.33	81.0	0.67	33.3	2.00	0.7	1063	1.00	83.3	31.7	2338	3.3	1.50	1.31
JD Gaming	S12	CN	14	35.7%	0.74	1715	-162	32:13	11.9	16.1	4.9	7.3	35.7	28.6	1.57	31.5	-	-	-	-	-	0.57	28.6	31.0	1785	-	-	-
JD|XL	S12	EUW	5	80.0%	1.85	1981	276	31:58	19.6	10.6	8.8	4.4	60.0	80.0	2.80	56.7	1.20	60.0	0.80	0.4	1445	1.00	80.0	33.7	2427	2.9	1.16	1.29
Joblife	S12	FR	3	66.7%	1.29	1864	212	35:41	19.3	15.0	7.7	4.7	100.0	100.0	2.33	50.0	2.00	100.0	0.33	1.0	2742	1.00	66.7	31.1	2396	3.5	1.30	1.58
KaBuM! e-Sports	S12	BR	1	100.0%	1.88	1932	412	26:27	15.0	7.0	8.0	1.0	-	-	3.00	75.0	1.00	50.0	2.00	0.0	746	1.00	100.0	34.2	2494	3.2	1.40	1.32
Kanga Esports	S12	OCE	1	0.0%	0.58	1656	-362	27:12	11.0	19.0	1.0	10.0	-	-	1.00	25.0	1.00	50.0	0.00	0.0	-1615	0.00	0.0	29.9	1880	2.1	1.21	1.03
Karma Clan Esports	S12	PT	3	33.3%	0.56	1614	-253	29:42	9.0	16.0	3.3	7.7	66.7	33.3	1.00	23.3	0.33	16.7	0.33	0.0	-31	0.33	33.3	30.8	1488	3.0	1.36	1.17
Karmine Corp	S12	FR	4	50.0%	1.44	1830	162	36:59	18.0	12.5	7.5	4.5	50.0	50.0	3.00	56.7	0.75	37.5	1.25	0.0	764	1.50	75.0	31.5	2087	3.3	1.25	1.65
KDF Challengers	S12	KR	12	41.7%	0.95	1740	-40	35:19	13.6	14.2	6.1	6.4	50.0	66.7	2.33	41.0	1.08	54.2	0.83	0.3	125	0.92	48.5	30.7	1949	3.3	1.48	1.43
KOI	S12	ES	5	60.0%	1.53	1909	213	29:22	15.8	10.2	8.0	4.8	40.0	40.0	2.00	53.3	1.60	80.0	0.80	0.2	1476	0.80	75.0	32.6	2154	3.2	1.26	1.34
Komil & Friends	S12	PL	4	50.0%	0.64	1660	-286	33:24	11.8	18.5	5.8	8.0	-	50.0	2.50	44.0	1.25	62.5	1.25	0.0	-1818	0.75	25.0	29.6	1829	3.4	1.28	1.16
KRC Genk Esports	S12	BE	3	66.7%	0.98	1767	44	38:26	14.7	14.7	7.0	6.0	33.3	66.7	2.67	45.1	1.67	83.3	0.33	0.7	-666	1.00	50.0	31.3	2037	3.2	1.23	1.37
KT Challengers	S12	KR	12	41.7%	1.00	1735	-42	31:12	12.3	12.3	5.5	6.0	50.0	66.7	2.25	51.9	0.92	45.8	0.83	0.2	776	0.42	40.0	32.1	1946	3.6	1.75	1.46
KT Rolster	S12	KR	9	55.6%	1.09	1777	10	33:25	11.7	10.7	6.0	5.8	55.6	55.6	2.56	54.3	1.00	55.6	1.11	-0.4	-676	0.78	50.0	33.5	1654	3.6	1.56	1.93
KV Mechelen Esports	S12	BE	3	33.3%	0.85	1705	17	37:55	11.0	13.0	4.7	8.0	66.7	33.3	2.33	51.1	0.33	16.7	1.00	-0.3	-727	1.00	77.8	31.5	1691	3.7	1.43	1.72
Kwangdong Freecs	S12	KR	8	25.0%	0.71	1655	-143	35:35	8.4	11.8	5.3	7.0	37.5	62.5	1.38	29.8	1.00	50.0	0.38	0.0	424	0.38	35.7	31.3	1909	4.1	1.82	1.66
LDLC OL	S12	FR	4	100.0%	1.24	1900	245	37:24	16.8	13.5	10.3	4.0	50.0	50.0	3.50	68.2	1.00	50.0	1.00	0.5	216	1.75	91.7	32.5	2366	3.7	1.43	1.63
LGD Gaming	S12	CN	17	41.2%	0.95	1794	-54	33:14	15.1	15.9	5.6	6.6	41.2	64.7	2.00	45.1	-	-	-	-	-	0.59	38.2	31.7	1961	-	-	-
Liberty	S12	BR	1	100.0%	5.33	1993	412	27:34	16.0	3.0	11.0	1.0	100.0	100.0	3.00	75.0	2.00	100.0	1.00	4.0	7277	1.00	100.0	33.3	1751	3.3	1.16	1.52
Liiv SANDBOX	S12	KR	8	25.0%	0.62	1675	-194	31:20	7.6	12.3	3.8	8.6	50.0	-	2.25	50.0	0.50	31.3	1.00	-0.8	-2593	0.38	21.4	33.3	1444	2.9	1.12	1.57
Lille Esport	S12	FR	3	66.7%	1.35	1830	185	33:05	18.0	13.3	8.3	3.3	66.7	100.0	2.67	58.3	1.67	83.3	0.67	1.0	1779	1.00	75.0	29.8	2128	2.8	1.13	1.19
LNG Academy	S12	KR	3	33.3%	0.92	1819	-56	31:28	18.0	19.7	4.7	7.0	-	-	1.67	42.2	0.33	16.7	0.67	-1.0	-3204	0.67	75.0	31.6	2091	3.3	1.17	1.42
LNG Esports	S12	CN	17	70.6%	1.29	1929	170	30:38	15.9	12.3	7.5	4.7	29.4	58.8	2.18	53.4	-	-	-	-	-	0.59	56.0	34.0	2057	-	-	-
LOUD	S12	BR	2	50.0%	0.86	1753	-3	38:52	16.0	18.5	7.5	5.0	50.0	100.0	3.00	60.0	1.00	50.0	0.00	1.0	1584	0.50	25.0	30.6	2317	3.8	1.74	1.66
LowLandLions	S12	BE	3	33.3%	0.89	1720	-5	32:12	10.3	11.7	5.3	4.7	66.7	33.3	2.67	66.7	1.00	50.0	1.67	-0.3	47	0.33	50.0	32.8	1679	2.6	1.25	1.45
LSB Challengers	S12	KR	14	64.3%	1.20	1898	115	30:53	16.1	13.5	7.0	4.9	42.9	42.9	2.00	47.0	1.07	53.6	0.57	-0.4	-583	0.71	57.7	33.2	2060	3.8	1.67	1.55
Macko Esports	S12	IT	2	50.0%	1.17	1747	68	38:35	17.0	14.5	9.0	6.0	50.0	100.0	3.00	58.9	1.00	75.0	0.50	0.0	498	1.00	66.7	29.5	2404	3.2	1.23	1.46
MAD Lions	S12	EUW	5	60.0%	1.02	1880	121	35:47	16.8	16.4	7.8	5.4	80.0	80.0	2.20	50.0	1.60	80.0	0.40	0.4	1522	1.00	50.0	32.6	2060	3.2	1.29	1.28
MAD Lions Madrid	S12	ES	5	40.0%	0.82	1731	-73	35:21	13.6	16.6	5.6	7.6	40.0	80.0	2.20	57.3	0.80	40.0	0.60	0.4	-542	0.60	30.0	30.6	1923	3.7	1.38	1.50
MAMMOTH	S12	OCE	1	0.0%	0.36	1495	-509	27:07	8.0	22.0	0.0	7.0	-	-	0.00	0.0	1.00	50.0	0.00	0.0	-4786	0.00	-	26.9	1826	2.6	1.11	0.96
mCon LG UltraGear	S12	BE	3	66.7%	1.70	1797	137	33:47	15.3	9.0	6.7	4.7	66.7	66.7	2.67	57.1	0.67	33.3	0.67	0.3	2138	1.00	100.0	32.1	1954	3.5	1.23	1.34
Mirage Elyandra	S12	FR	4	25.0%	0.86	1741	-148	36:21	13.5	15.8	4.3	9.8	50.0	50.0	1.50	27.1	1.75	87.5	0.25	0.0	-1065	0.25	12.5	30.9	1895	3.0	1.18	1.46
Misfits Gaming	S12	EUW	5	60.0%	0.93	1818	54	32:05	11.4	12.2	7.2	4.2	40.0	40.0	2.00	40.0	1.40	70.0	0.80	0.0	-376	1.20	63.3	33.4	1778	3.0	1.29	1.40
Misfits Premier	S12	FR	4	50.0%	0.81	1793	33	35:36	13.5	16.8	7.0	6.5	50.0	75.0	1.75	41.3	1.00	50.0	0.50	0.3	969	1.00	50.0	31.2	2306	3.3	1.40	1.47
MnM Gaming	S12	EUW	5	40.0%	0.86	1713	-132	34:09	15.2	17.4	5.4	6.0	60.0	60.0	3.40	75.0	0.20	10.0	1.00	0.2	-949	0.60	40.0	29.4	2149	2.9	1.08	1.19
Mousesports	S12	DE	5	80.0%	1.38	1879	202	33:27	14.6	10.6	9.0	4.0	60.0	40.0	2.60	66.0	1.40	70.0	0.60	0.0	786	0.80	80.0	34.1	2169	3.4	1.14	1.38
Movistar Riders	S12	ES	5	60.0%	1.14	1807	-12	34:38	17.8	15.6	6.6	6.6	40.0	40.0	2.40	51.0	1.00	50.0	0.60	-0.2	-1238	1.00	60.0	30.7	2186	3.2	1.33	1.52
NASR eSports Turkey	S12	TR	2	0.0%	0.43	1619	-293	33:51	6.5	15.0	3.0	9.5	50.0	50.0	1.50	43.3	1.00	50.0	0.50	0.0	45	0.00	0.0	33.0	1499	3.2	1.30	1.30
NASR eSports Turkey Academy	S12	TR	2	50.0%	1.18	1853	186	33:01	13.0	11.0	9.5	5.0	50.0	50.0	2.00	33.9	1.50	75.0	1.00	0.5	1063	1.00	66.7	30.0	1923	3.2	1.01	1.48
Netshoes Miners	S12	BR	2	100.0%	1.91	1908	194	40:50	21.0	11.0	9.5	6.5	50.0	50.0	3.50	70.8	1.50	75.0	1.00	0.0	-689	1.50	66.7	33.6	2218	3.6	1.61	1.65
Nexus KTRL	S12	RS	3	66.7%	2.00	1826	174	35:01	20.7	10.3	7.0	5.3	33.3	-	3.67	67.6	0.67	50.0	1.67	0.0	186	1.00	83.3	30.2	2228	2.6	0.87	1.18
Nongshim RedForce	S12	KR	11	63.6%	1.28	1821	109	33:29	12.7	9.9	7.7	4.8	72.7	54.5	2.82	61.5	1.09	54.5	0.91	0.5	1393	0.64	63.6	33.3	2005	3.6	1.71	1.56
NS Challengers	S12	KR	11	36.4%	0.93	1771	-65	31:45	13.7	14.8	4.5	6.7	54.5	27.3	2.55	51.6	1.00	50.0	0.64	-0.2	-890	0.45	38.9	32.1	2147	3.1	1.35	1.44
NYYRIKKI	S12	EUW	5	20.0%	0.61	1682	-264	33:32	11.6	19.0	3.4	9.0	40.0	-	2.00	42.0	0.20	10.0	1.40	-0.8	-2025	0.60	30.0	31.2	2077	3.3	1.20	1.29
Odivelas Sports Club	S12	PT	3	33.3%	0.76	1600	-239	31:18	13.0	17.0	2.7	7.3	33.3	-	1.67	31.7	0.67	50.0	0.33	-1.0	-3674	0.67	33.3	28.6	1694	2.9	1.12	1.34
OFFSET Esports	S12	PT	3	66.7%	1.45	1819	204	30:45	16.0	11.0	7.0	3.7	66.7	100.0	2.67	58.3	1.00	50.0	1.00	1.0	2505	0.33	50.0	32.5	1994	3.2	1.20	1.25
Olympiacos Alimou	S12	GR	2	50.0%	1.04	1766	61	29:28	12.5	12.0	5.5	4.0	50.0	50.0	2.50	62.5	1.50	75.0	1.00	1.0	2394	0.50	50.0	31.8	1782	2.5	1.12	1.32
OMG	S12	CN	22	54.5%	1.09	1847	53	28:54	15.1	13.9	6.0	5.2	59.1	36.4	2.23	59.8	-	-	-	-	-	0.77	71.1	31.4	2042	-	-	-
ORDER	S12	OCE	1	0.0%	0.92	1589	-292	40:01	11.0	12.0	3.0	10.0	100.0	-	4.00	66.7	1.00	50.0	2.00	-2.0	-2018	0.00	0.0	31.5	1636	3.8	1.27	1.37
PCS Taran	S12	FR	3	33.3%	0.85	1706	-85	34:41	14.7	17.3	5.3	6.7	33.3	-	3.00	61.1	0.33	16.7	1.33	-0.3	-951	0.67	50.0	30.3	2195	3.1	1.21	1.17
PEACE	S12	OCE	1	100.0%	2.75	2004	509	27:07	22.0	8.0	7.0	0.0	100.0	100.0	4.00	100.0	1.00	50.0	2.00	0.0	4786	0.00	-	34.8	2284	2.5	1.07	1.33
PENTA 1860	S12	DE	5	40.0%	0.77	1776	-41	30:39	11.4	14.8	5.0	6.8	-	100.0	1.60	35.0	0.60	30.0	1.00	0.6	165	0.40	40.0	33.8	1987	3.3	1.24	1.37
Pentanet.GG	S12	OCE	1	100.0%	1.73	2018	362	27:12	19.0	11.0	10.0	1.0	100.0	100.0	3.00	75.0	1.00	50.0	2.00	0.0	1615	1.00	100.0	32.5	2268	2.8	1.21	0.96
Rare Atom	S12	CN	14	42.9%	0.77	1800	-54	33:22	10.8	13.9	6.3	6.9	50.0	28.6	2.64	52.6	-	-	-	-	-	0.86	41.7	34.2	1736	-	-	-
RED Canids	S12	BR	2	100.0%	1.37	1838	86	39:00	18.5	13.5	7.5	6.0	50.0	50.0	3.00	53.3	1.50	75.0	1.50	0.0	702	1.00	75.0	32.2	2201	3.4	1.59	1.32
Rensga eSports	S12	BR	2	0.0%	0.52	1711	-203	33:15	8.5	16.5	3.5	9.5	-	-	1.50	29.2	0.00	0.0	0.50	-2.5	-5095	0.50	25.0	32.4	1975	2.9	1.41	1.52
Riddle Esports	S12	EUW	5	40.0%	0.77	1721	-32	34:14	9.6	12.2	5.4	6.4	40.0	60.0	1.60	35.0	1.40	70.0	0.20	-0.4	261	0.40	30.0	34.0	2091	3.1	1.08	1.35
Rogue	S12	EUW	5	100.0%	2.36	1976	376	29:34	18.4	7.8	9.4	1.6	40.0	80.0	2.80	73.3	1.00	50.0	1.00	0.6	1501	1.20	90.0	32.5	2402	3.2	1.26	1.30
Royal Never Give Up	S12	CN	16	56.3%	1.11	1857	55	33:22	13.8	12.4	7.2	5.9	62.5	68.8	2.25	50.1	-	-	-	-	-	0.69	53.1	33.5	1862	-	-	-
Samsung Morning Stars	S12	IT	2	0.0%	0.27	1618	-319	33:42	5.0	18.5	3.0	10.0	50.0	50.0	1.00	20.0	0.50	25.0	0.50	0.0	-1729	1.00	50.0	31.1	1535	3.1	1.17	1.18
Sector One	S12	BE	3	0.0%	0.58	1570	-359	34:27	10.7	18.3	3.7	9.0	33.3	33.3	1.67	33.3	0.67	33.3	0.67	-0.3	-1602	0.00	0.0	28.7	1574	3.1	1.21	1.52
Shadow Battlica	S12	KR	4	50.0%	0.92	1776	-55	27:45	19.3	21.0	4.5	5.5	75.0	50.0	2.00	54.2	0.50	25.0	1.50	0.5	982	0.25	50.0	28.5	2516	3.1	1.16	1.20
Shadow EK	S12	KR	5	40.0%	0.80	1755	-108	27:43	14.8	18.6	5.6	5.6	40.0	60.0	2.00	44.0	0.80	40.0	0.80	0.4	-302	0.20	25.0	30.1	2329	2.8	1.53	1.22
Shu Dai Xiong Gaming	S12	CN	4	25.0%	0.73	1787	-157	35:01	13.3	18.3	4.3	9.0	50.0	-	2.00	40.0	-	-	-	-	-	0.50	33.3	32.5	1855	-	-	-
SINNERS Esports	S12	CZ	3	33.3%	0.86	1747	-59	32:46	16.7	19.3	5.0	8.0	66.7	-	1.67	30.0	1.00	66.7	0.67	-1.0	-1764	0.67	50.0	29.8	2279	2.5	1.12	1.23
SK Gaming	S12	EUW	5	20.0%	0.72	1640	-241	37:07	12.2	17.0	4.0	8.8	40.0	40.0	2.60	48.3	1.20	60.0	1.00	-0.2	-1771	0.40	10.0	30.6	1978	3.5	1.26	1.47
SK Gaming Prime	S12	DE	5	40.0%	1.03	1795	29	34:36	16.2	15.6	5.2	6.2	60.0	60.0	1.80	32.7	1.80	90.0	0.40	0.4	2102	0.40	40.0	32.0	2313	3.4	1.22	1.14
Solary	S12	FR	4	50.0%	1.48	1800	51	33:15	17.8	12.0	5.8	6.5	50.0	50.0	1.50	34.2	1.25	62.5	0.50	-0.3	-146	0.75	62.5	30.1	2073	3.3	1.19	1.38
SOVEJA	S12	RS	3	33.3%	0.70	1668	-206	31:56	13.3	19.0	3.3	7.3	33.3	33.3	2.00	46.7	0.33	16.7	1.00	0.0	-207	0.00	0.0	31.1	1966	2.4	0.84	0.98
Split Raiders	S12	RS	3	66.7%	1.17	1857	120	32:27	18.0	15.0	6.7	3.7	100.0	66.7	2.33	46.7	1.33	66.7	1.33	0.3	1396	0.67	50.0	31.4	2208	2.6	1.14	1.09
SuperMassive Blaze	S12	TR	2	50.0%	1.03	1819	70	29:06	15.0	14.5	7.0	5.0	100.0	100.0	1.50	37.5	1.50	75.0	0.50	0.5	788	0.00	0.0	31.1	1986	2.8	1.30	1.37
SuperMassive Blaze Academy	S12	TR	2	100.0%	2.36	1966	372	27:40	16.5	7.0	9.5	2.5	50.0	50.0	2.50	66.7	0.00	0.0	1.00	0.5	1536	1.00	100.0	33.6	2104	2.7	1.16	1.12
T1	S12	KR	9	88.9%	1.87	1899	281	34:04	15.8	8.4	8.3	3.1	77.8	88.9	3.44	74.0	1.33	66.7	0.89	0.3	1488	1.00	85.4	32.8	2030	3.7	1.40	1.72
T1 Challengers	S12	KR	9	33.3%	0.73	1740	-96	33:20	11.9	16.3	4.7	7.0	33.3	44.4	1.78	40.0	1.00	50.0	0.44	0.1	-273	0.33	27.8	32.6	2129	3.3	1.46	1.64
Team 7AM	S12	BE	3	0.0%	0.48	1579	-394	30:34	9.7	20.3	1.7	9.3	33.3	33.3	1.00	20.0	1.33	66.7	0.67	-0.7	-1766	0.00	0.0	29.3	1691	2.9	0.94	0.88
Team Aurora	S12	TR	2	100.0%	2.33	1935	273	36:59	21.0	9.0	10.0	3.0	50.0	50.0	3.50	65.0	0.50	25.0	1.00	0.5	924	2.00	100.0	31.2	2075	3.3	1.61	1.37
Team AURORA Academy	S12	TR	2	50.0%	0.68	1688	-137	29:33	10.5	15.5	4.5	7.0	-	100.0	3.00	67.5	0.50	25.0	1.50	-0.5	-1346	0.50	25.0	31.9	1576	2.4	0.95	1.05
Team BDS	S12	EUW	5	20.0%	0.62	1658	-283	31:38	9.6	15.4	2.8	9.0	60.0	20.0	1.20	24.0	0.80	40.0	0.20	-0.8	-1972	0.60	30.0	31.4	1602	3.2	1.38	1.20
Team BDS Academy	S12	FR	4	75.0%	1.30	1806	164	32:00	13.0	10.0	7.0	3.3	25.0	50.0	3.25	80.0	1.00	50.0	1.50	0.0	1010	0.75	75.0	32.8	2137	3.7	1.62	1.78
Team Echo Zulu	S12	BE	3	100.0%	1.31	1871	242	38:21	19.7	15.0	10.0	3.7	33.3	33.3	3.00	55.6	1.00	50.0	0.33	0.3	1427	1.33	88.9	31.5	2470	3.1	1.28	1.32
Team ESCA Gaming	S12	PL	4	100.0%	1.36	1973	268	31:42	19.8	14.5	9.3	3.8	75.0	50.0	2.00	48.8	1.25	62.5	0.50	0.5	431	1.00	83.3	31.3	2369	2.6	0.77	1.30
Team Heretics	S12	ES	5	60.0%	1.05	1722	7	35:43	13.0	12.0	6.8	6.2	40.0	60.0	2.60	49.4	1.20	60.0	0.40	-0.4	936	1.20	60.0	29.8	1912	3.4	1.39	1.45
Team Liquid	S12	NA	6	83.3%	2.02	1958	347	31:06	14.5	7.2	9.2	3.3	66.7	100.0	3.17	76.4	1.50	75.0	1.00	1.0	2390	1.00	91.7	34.7	2041	3.2	1.32	1.75
Team Liquid Academy	S12	NA	4	25.0%	0.55	1748	-177	34:42	11.8	21.5	5.3	8.8	50.0	25.0	2.50	49.2	1.00	50.0	0.75	0.0	-1244	1.00	41.7	31.9	1978	2.8	0.95	1.32
Team MCES	S12	FR	3	33.3%	0.79	1715	-55	32:18	11.3	14.3	4.7	7.0	66.7	66.7	1.33	30.6	1.00	50.0	0.33	-0.3	-78	0.33	33.3	31.6	1966	3.0	1.14	1.34
Team Oplon	S12	FR	4	0.0%	0.62	1600	-341	32:26	10.8	17.3	1.8	10.3	75.0	25.0	1.75	40.0	0.50	25.0	1.25	-0.8	-1176	0.00	0.0	29.8	1672	3.1	1.67	1.28
Team Phantasma	S12	GR	2	100.0%	2.48	1992	254	32:16	26.0	10.5	9.5	2.5	100.0	100.0	3.00	60.0	2.00	100.0	1.00	2.0	4695	1.00	50.0	31.5	2630	2.9	1.13	1.29
Team Pinnacle	S12	CN	4	25.0%	0.75	1663	-217	30:54	10.0	13.0	4.0	7.8	50.0	25.0	1.50	32.5	-	-	-	-	-	0.50	33.3	30.8	1364	-	-	-
Team Refuse	S12	GR	2	50.0%	1.04	1783	53	34:15	14.5	14.0	5.0	5.5	100.0	50.0	3.00	58.9	0.50	25.0	2.00	0.0	1078	0.50	50.0	31.1	2210	2.5	1.07	1.26
Team Singularity	S12	EUW	5	0.0%	0.52	1640	-349	34:39	10.8	20.6	3.0	10.2	20.0	20.0	1.60	30.5	0.80	40.0	0.60	-0.8	-2286	0.40	10.0	30.5	1998	3.0	0.95	1.22
Team Vitality	S12	EUW	5	40.0%	0.98	1843	89	32:14	12.4	12.6	5.4	6.2	20.0	60.0	2.40	54.7	0.80	40.0	1.40	0.2	1440	0.40	40.0	34.6	2012	3.1	1.22	1.43
Team WE	S12	CN	14	35.7%	0.78	1733	-125	29:36	10.1	13.0	4.9	6.9	50.0	35.7	2.00	46.5	-	-	-	-	-	0.57	39.3	31.7	1743	-	-	-
Tony Parker Adequat Academy	S12	FR	3	66.7%	1.30	1761	20	38:39	21.7	16.7	7.0	6.0	33.3	33.3	3.00	55.6	1.00	50.0	1.00	-1.0	-817	0.67	50.0	28.1	2739	3.4	1.50	1.59
Top Esports	S12	CN	26	65.4%	1.35	1903	157	32:17	16.0	11.8	7.8	4.8	73.1	61.5	2.50	58.5	-	-	-	-	-	0.96	65.4	32.9	2119	-	-	-
TSM	S12	NA	4	25.0%	0.53	1631	-281	33:30	7.8	14.8	4.0	8.3	50.0	50.0	1.25	20.5	1.00	50.0	0.50	-0.5	-1823	0.75	25.0	32.8	1713	3.5	1.46	1.28
TSM Academy	S12	NA	4	50.0%	1.20	1853	42	31:59	16.5	13.8	5.3	6.5	50.0	75.0	2.00	46.7	1.75	87.5	0.75	0.5	1887	0.50	50.0	32.8	2083	3.5	1.56	1.29
TT	S12	CN	15	13.3%	0.66	1643	-275	29:55	9.1	13.9	3.2	8.6	60.0	13.3	1.47	34.9	-	-	-	-	-	0.07	6.7	31.3	1616	-	-	-
UCAM Tokiers	S12	ES	5	0.0%	0.51	1563	-357	33:23	6.8	13.4	2.2	10.2	40.0	20.0	1.40	31.0	1.00	50.0	0.60	0.0	-1444	0.00	0.0	31.6	1662	3.5	1.42	1.48
Ultra Prime	S12	CN	18	44.4%	0.98	1822	-6	30:58	13.8	14.0	5.5	6.0	66.7	33.3	1.78	43.2	-	-	-	-	-	0.56	47.1	32.9	2013	-	-	-
Unicorns Of Love Sexy Edition	S12	DE	5	60.0%	1.35	1824	143	30:33	15.4	11.4	7.2	4.8	40.0	40.0	2.60	57.0	1.20	60.0	1.00	-0.6	-246	0.80	70.0	31.3	2349	2.9	1.26	1.19
Valiance	S12	RS	3	33.3%	0.38	1613	-231	34:16	7.3	19.3	4.7	7.7	33.3	66.7	1.33	19.0	0.33	16.7	0.00	-0.3	-2989	0.33	16.7	30.6	1852	2.8	0.99	1.18
Vanir	S12	EUW	5	60.0%	0.93	1769	-8	34:56	14.0	15.0	5.4	6.6	100.0	60.0	2.40	42.2	1.20	60.0	1.00	0.0	556	0.80	37.5	31.5	2062	3.0	1.26	1.39
Victory Five	S12	CN	13	69.2%	1.44	1910	167	32:11	16.5	11.5	7.8	5.1	38.5	53.8	2.46	51.9	-	-	-	-	-	0.77	58.3	32.6	2076	-	-	-
Vitality.Bee	S12	FR	4	100.0%	1.38	1934	232	33:22	15.5	11.3	10.3	3.0	50.0	75.0	3.50	72.5	0.75	37.5	1.25	0.8	1380	1.25	75.0	33.4	2029	3.7	1.48	1.21
Wahaha Gaming	S12	CN	4	0.0%	0.67	1685	-314	33:56	12.8	19.0	3.8	10.5	75.0	25.0	1.25	25.0	-	-	-	-	-	0.50	25.0	30.8	1669	-	-	-
WanZhen Esports Club	S12	CN	4	25.0%	0.55	1439	-257	40:14	8.0	14.5	4.0	8.5	25.0	-	1.50	26.7	-	-	-	-	-	0.25	25.0	28.5	1236	-	-	-
WAVE Esports	S12	DE	5	0.0%	0.38	1591	-368	29:54	6.0	15.4	3.0	9.4	40.0	-	0.80	20.0	0.60	30.0	0.40	-0.4	-1810	0.00	0.0	31.9	1570	3.0	1.05	1.21
Weibo Gaming	S12	CN	14	64.3%	1.03	1845	151	32:38	11.6	11.3	7.3	4.4	42.9	50.0	1.93	44.6	-	-	-	-	-	1.00	73.8	34.0	2053	-	-	-
Weibo Youth	S12	KR	7	57.1%	1.47	1851	144	28:43	16.1	11.0	6.4	5.4	28.6	42.9	2.57	68.3	1.14	57.1	1.29	-0.1	801	0.71	58.3	31.2	1799	3.0	1.23	1.52
West Point PH	S12	KR	2	0.0%	0.23	1525	-696	24:16	6.5	28.0	0.0	11.0	-	-	0.50	16.7	0.50	25.0	0.50	-2.0	-6345	0.00	0.0	29.4	1832	2.6	0.93	0.86
White Dragons	S12	PT	3	100.0%	3.00	1940	438	30:30	18.0	6.0	9.7	1.3	66.7	100.0	3.00	68.3	1.00	66.7	1.33	0.3	2001	1.67	100.0	32.2	1790	2.6	1.11	1.35
WLGaming Esports	S12	GR	2	100.0%	1.50	1832	184	35:06	19.5	13.0	8.0	3.5	-	50.0	2.50	54.2	1.00	50.0	1.50	0.0	518	1.00	100.0	30.3	2237	3.2	1.29	1.02
X7 Esports	S12	EUW	5	100.0%	1.88	1993	385	31:54	19.6	10.4	9.2	1.6	100.0	60.0	2.60	58.0	1.40	70.0	0.60	1.0	2569	1.20	90.0	33.0	2236	2.8	1.08	1.42
Zero Tenacity	S12	PL	4	75.0%	1.71	1821	188	28:43	12.0	7.0	7.8	4.0	50.0	50.0	3.25	75.4	0.25	12.5	1.50	-0.3	-308	0.75	75.0	33.2	1952	2.9	1.08	1.15
Zerolag Esports	S12	GR	2	0.0%	0.39	1643	-313	31:42	9.0	23.0	1.0	9.0	-	-	0.50	10.0	0.00	0.0	0.00	-2.0	-4839	1.00	50.0	29.7	1718	3.2	1.47	0.90
